0,0,0,0,0.
1,20,0,0,0.
2,0,0,0,0.
3,12,0,0,0.
4,38,0,0,0.
5,71,0,0,0.
6,95,0,0,0.
7,117,0,0,0.
8,75,0,0,0.
9,63,0,0,0.
10,63,0,0,0.
11,139,0,0,0.
12,159,0,0,0.
13,198,45,0,0.
14,174,128,0,0.
15,190,157,84,0.
16,180,156,96,0.
17,156,148,83,0.
18,172,151,96,0.
19,198,166,128,0.
20,199,166,128,0.
21,207,168,135,0.
22,217,171,145,0.
23,226,174,148,0.
24,231,178,148,0.
25,243,204,157,0.
26,255,255,243,0.
27,255,255,255,0.
28,255,255,255,0.
29,255,255,255,0.
30,235,226,204,0.
31,207,193,156,0.
32,141,120,80,0.
33,38,26,2,0.
34,17,0,0,0.
35,45,17,0,0.
36,108,65,20,0.
37,165,128,80,0.
38,147,96,51,0.
39,29,2,0,0.
40,0,0,0,0.
41,0,0,0,0.
42,0,0,0,0.
43,122,90,20,0.
44,184,153,75,0.
45,163,122,0,0.
46,192,45,0,0.
47,160,0,0,0.
48,145,0,0,0.
49,51,0,0,0.
50,65,0,0,0.
51,114,0,0,0.
52,98,0,0,0.
53,87,0,0,0.
54,60,0,0,0.
55,9,0,0,0.
56,0,0,0,0.
57,2,0,0,0.
58,32,0,0,0.
59,0,0,0,0.
60,0,0,0,0.
61,44,0,0,0.
62,3,0,0,0.
63,0,0,0,0.
64,26,0,0,0.
65,71,0,0,0.
66,101,0,0,0.
67,135,0,0,0.
68,114,0,0,0.
69,35,0,0,0.
70,56,0,0,0.
71,142,0,0,0.
72,178,3,0,0.
73,210,65,0,0.
74,171,122,0,0.
75,190,156,54,0.
76,135,95,12,0.
77,0,0,0,0.
78,71,35,0,0.
79,0,0,0,0.
80,0,0,0,0.
81,0,0,0,0.
82,0,0,0,0.
83,0,0,0,0.
84,0,0,0,0.
85,0,0,0,0.
86,0,0,0,0.
87,35,0,0,0.
88,151,139,71,0.
89,39,3,0,0.
90,83,44,0,0.
91,0,0,0,0.
92,0,0,0,0.
93,0,0,0,0.
94,0,0,0,0.
95,0,0,0,0.
96,0,0,0,0.
97,0,0,0,0.
98,0,0,0,0.
99,0,0,0,0.
100,0,0,0,0.
101,0,0,0,0.
102,0,0,0,0.
103,0,0,0,0.
104,108,71,0,0.
105,156,114,0,0.
106,162,51,0,0.
107,150,0,0,0.
108,141,0,0,0.
109,45,0,0,0.
110,80,0,0,0.
111,123,0,0,0.
112,139,0,0,0.
113,117,0,0,0.
114,90,0,0,0.
115,53,0,0,0.
116,18,0,0,0.
117,5,0,0,0.
118,0,0,0,0.
119,0,0,0,0.
120,0,0,0,0.
121,0,0,0,0.
122,29,0,0,0.
123,54,0,0,0.
124,87,0,0,0.
125,80,0,0,0.
126,99,0,0,0.
127,136,0,0,0.
128,95,0,0,0.
129,0,0,0,0.
130,71,0,0,0.
131,153,0,0,0.
132,172,18,0,0.
133,171,51,0,0.
134,177,139,32,0.
135,105,60,0,0.
136,92,57,0,0.
137,132,90,44,0.
138,129,90,44,0.
139,20,0,0,0.
140,0,0,0,0.
141,0,0,0,0.
142,0,0,0,0.
143,0,0,0,0.
144,0,0,0,0.
145,29,0,0,0.
146,17,0,0,0.
147,0,0,0,0.
148,181,157,128,0.
149,204,192,151,0.
150,255,255,255,0.
151,255,255,255,0.
152,255,255,255,0.
153,255,255,255,0.
154,243,237,226,0.
155,165,156,114,0.
156,108,84,45,0.
157,105,65,44,0.
158,111,65,44,0.
159,181,135,65,0.
160,220,162,126,0.
161,226,171,139,0.
162,231,171,128,0.
163,220,166,108,0.
164,214,162,92,0.
165,213,157,56,0.
166,192,80,0,0.
167,187,29,0,0.
168,148,0,0,0.
169,32,0,0,0.
170,9,0,0,0.
171,75,0,0,0.
172,145,0,0,0.
173,132,0,0,0.
174,105,0,0,0.
175,84,0,0,0.
176,59,0,0,0.
177,26,0,0,0.
178,0,0,0,0.
179,0,0,0,0.
180,0,0,0,0.
181,0,0,0,0.
182,9,0,0,0.
183,44,0,0,0.
184,77,0,0,0.
185,111,0,0,0.
186,128,0,0,0.
187,126,0,0,0.
188,57,0,0,0.
189,26,0,0,0.
190,80,0,0,0.
191,126,0,0,0.
192,187,32,0,0.
193,184,71,0,0.
194,210,157,53,0.
195,216,163,92,0.
196,223,166,105,0.
197,232,171,128,0.
198,228,174,147,0.
199,234,180,148,0.
200,246,184,148,0.
201,250,187,148,0.
202,255,193,148,0.
203,255,199,148,0.
204,255,243,174,0.
205,255,255,198,0.
206,255,255,232,0.
207,255,255,255,0.
208,255,255,255,0.
209,255,255,255,0.
210,255,255,255,0.
211,255,255,255,0.
212,255,255,246,0.
213,255,255,216,0.
214,255,255,205,0.
215,255,246,184,0.
216,255,202,151,0.
217,255,193,148,0.
218,255,192,148,0.
219,249,187,148,0.
220,240,181,142,0.
221,222,157,122,0.
222,96,59,32,0.
223,0,0,0,0.
224,202,157,95,0.
225,213,156,53,0.
226,166,72,0,0.
227,198,29,0,0.
228,154,0,0,0.
229,72,0,0,0.
230,11,0,0,0.
231,120,0,0,0.
232,132,0,0,0.
233,122,0,0,0.
234,120,0,0,0.
235,89,0,0,0.
236,48,0,0,0.
237,0,0,0,0.
238,0,0,0,0.
239,0,0,0,0.
240,0,0,0,0.
241,0,0,0,0.
242,0,0,0,0.
243,5,0,0,0.
244,26,0,0,0.
245,17,0,0,0.
246,0,0,0,0.
247,0,0,0,0.
248,0,0,0,0.
249,0,0,0,0.
250,0,0,0,0.
251,44,0,0,0.
252,96,0,0,0.
253,148,57,0,0.
254,177,145,44,0.
255,195,148,89,0.
256,217,157,122,0.
257,237,171,135,0.
258,243,178,141,0.
259,246,180,145,0.
260,255,187,148,0.
261,255,193,148,0.
262,255,202,151,0.
263,255,255,192,0.
264,255,255,202,0.
265,255,255,232,0.
266,255,255,255,0.
267,255,255,255,0.
268,255,255,255,0.
269,255,255,255,0.
270,255,255,255,0.
271,255,255,255,0.
272,255,255,255,0.
273,255,255,255,0.
274,255,255,255,0.
275,255,255,222,0.
276,255,255,202,0.
277,255,214,154,0.
278,255,198,148,0.
279,255,193,148,0.
280,255,181,148,0.
281,249,178,147,0.
282,238,174,136,0.
283,232,171,123,0.
284,223,166,101,0.
285,201,157,65,0.
286,168,87,0,0.
287,205,45,0,0.
288,157,0,0,0.
289,114,0,0,0.
290,63,0,0,0.
291,51,0,0,0.
292,89,0,0,0.
293,83,0,0,0.
294,72,0,0,0.
295,56,0,0,0.
296,12,0,0,0.
297,0,0,0,0.
298,0,0,0,0.
299,0,0,0,0.
