0,0,0,0,0.
1,0,0,33,0.
2,0,0,0,0.
3,0,0,0,0.
4,0,0,0,0.
5,0,0,0,0.
6,0,0,0,0.
7,0,0,0,0.
8,18,6,17,0.
9,0,0,0,0.
10,0,0,0,0.
11,0,0,0,0.
12,0,0,0,0.
13,0,0,0,0.
14,0,0,0,0.
15,6,0,0,0.
16,9,0,0,0.
17,26,12,15,0.
18,53,33,36,0.
19,53,36,39,0.
20,80,77,78,0.
21,69,54,59,0.
22,15,3,9,0.
23,26,14,15,0.
24,12,0,3,0.
25,23,15,20,0.
26,101,86,107,0.
27,69,53,65,0.
28,65,47,65,0.
29,107,86,122,0.
30,0,0,0,0.
31,0,0,0,0.
32,0,0,0,0.
33,0,0,0,0.
34,14,3,3,0.
35,3,0,0,0.
36,0,0,0,0.
37,0,0,0,0.
38,3,0,0,0.
39,20,15,18,0.
40,77,65,72,0.
41,38,29,35,0.
42,32,20,23,0.
43,29,3,3,0.
44,0,0,0,0.
45,17,0,0,0.
46,59,3,0,0.
47,14,0,0,0.
48,3,0,0,0.
49,0,0,0,0.
50,6,0,0,0.
51,0,0,0,0.
52,0,0,0,0.
53,0,0,0,0.
54,0,0,0,0.
55,0,0,0,0.
56,0,0,0,0.
57,0,0,3,0.
58,33,35,145,0.
59,0,0,0,0.
60,0,0,0,0.
61,53,53,189,0.
62,47,39,159,0.
63,9,3,39,0.
64,12,9,39,0.
65,56,56,139,0.
66,147,130,196,0.
67,86,65,71,0.
68,232,217,214,0.
69,0,0,0,0.
70,0,0,0,0.
71,20,6,3,0.
72,122,77,71,0.
73,122,77,65,0.
74,89,62,59,0.
75,29,0,3,0.
76,107,65,77,0.
77,86,72,77,0.
78,42,29,29,0.
79,116,81,96,0.
80,178,154,168,0.
81,69,53,65,0.
82,151,130,172,0.
83,96,78,96,0.
84,54,36,53,0.
85,128,98,128,0.
86,77,62,78,0.
87,116,86,98,0.
88,78,62,69,0.
89,29,18,26,0.
90,232,229,240,0.
91,249,246,255,0.
92,195,189,208,0.
93,145,136,160,0.
94,122,98,122,0.
95,77,65,77,0.
96,159,145,156,0.
97,216,213,217,0.
98,160,151,160,0.
99,107,81,96,0.
100,96,78,86,0.
101,81,78,83,0.
102,116,96,130,0.
103,135,90,166,0.
104,159,96,156,0.
105,223,172,187,0.
106,255,229,216,0.
107,255,255,216,0.
108,255,255,178,0.
109,190,172,89,0.
110,0,0,0,0.
111,255,253,229,0.
112,255,226,232,0.
113,116,107,195,0.
114,32,35,107,0.
115,0,0,32,0.
116,72,77,196,0.
117,116,107,223,0.
118,23,20,53,0.
119,0,0,0,0.
120,0,0,0,0.
121,0,0,0,0.
122,0,0,0,0.
123,190,201,237,0.
124,62,62,154,0.
125,0,0,0,0.
126,0,0,0,0.
127,122,72,62,0.
128,255,253,216,0.
129,0,0,0,0.
130,249,246,216,0.
131,255,255,29,0.
132,255,255,160,0.
133,255,189,101,0.
134,228,154,154,0.
135,184,96,116,0.
136,180,96,151,0.
137,214,172,223,0.
138,184,166,211,0.
139,101,89,122,0.
140,172,168,181,0.
141,205,195,214,0.
142,249,244,255,0.
143,255,255,255,0.
144,226,223,246,0.
145,244,234,255,0.
146,135,130,168,0.
147,201,198,213,0.
148,53,53,62,0.
149,83,83,116,0.
150,162,213,255,0.
151,187,223,255,0.
152,252,255,255,0.
153,240,255,255,0.
154,205,232,255,0.
155,151,184,232,0.
156,166,198,232,0.
157,128,156,208,0.
158,189,205,229,0.
159,216,217,246,0.
160,255,255,255,0.
161,184,168,223,0.
162,181,135,210,0.
163,244,156,172,0.
164,255,169,77,0.
165,255,229,151,0.
166,255,223,54,0.
167,255,255,53,0.
168,255,255,53,0.
169,255,255,249,0.
170,89,15,0,0.
171,255,160,77,0.
172,255,223,190,0.
173,255,154,53,0.
174,107,62,80,0.
175,198,83,36,0.
176,250,77,0,0.
177,165,39,14,0.
178,195,65,6,0.
179,0,0,0,0.
180,0,0,0,0.
181,255,71,15,0.
182,255,65,0,0.
183,255,181,47,0.
184,255,255,69,0.
185,255,255,62,0.
186,255,156,71,0.
187,255,255,255,0.
188,255,162,96,0.
189,42,0,0,0.
190,255,225,213,0.
191,255,255,169,0.
192,255,255,29,0.
193,255,240,32,0.
194,255,229,187,0.
195,255,255,255,0.
196,253,169,198,0.
197,172,117,211,0.
198,237,223,255,0.
199,213,225,255,0.
200,207,253,255,0.
201,225,255,255,0.
202,178,249,255,0.
203,116,205,255,0.
204,96,196,255,0.
205,154,228,255,0.
206,210,255,255,0.
207,237,255,255,0.
208,234,255,255,0.
209,255,255,255,0.
210,136,246,255,0.
211,107,223,255,0.
212,222,255,255,0.
213,217,255,255,0.
214,47,151,253,0.
215,128,223,255,0.
216,244,255,255,0.
217,145,240,255,0.
218,172,253,255,0.
219,165,240,255,0.
220,139,213,255,0.
221,168,190,255,0.
222,223,216,255,0.
223,255,255,255,0.
224,255,255,255,0.
225,255,255,255,0.
226,255,234,222,0.
227,255,255,65,0.
228,147,122,39,0.
229,0,0,0,0.
230,0,0,0,0.
231,156,117,156,0.
232,255,255,255,0.
233,255,249,237,0.
234,187,78,47,0.
235,232,159,59,0.
236,196,77,39,0.
237,145,33,23,0.
238,195,29,6,0.
239,0,0,0,0.
240,0,0,0,0.
241,81,54,65,0.
242,145,77,116,0.
243,65,29,38,0.
244,130,47,72,0.
245,211,96,160,0.
246,255,255,255,0.
247,255,255,255,0.
248,255,255,255,0.
249,0,0,0,0.
250,0,0,0,0.
251,0,0,0,0.
252,0,0,0,0.
253,65,42,47,0.
254,255,255,255,0.
255,154,172,255,0.
256,89,162,255,0.
257,38,98,253,0.
258,47,130,255,0.
259,208,255,255,0.
260,255,255,255,0.
261,229,255,255,0.
262,240,255,255,0.
263,244,255,255,0.
264,207,255,255,0.
265,71,181,255,0.
266,39,122,255,0.
267,35,162,255,0.
268,47,213,255,0.
269,36,207,255,0.
270,135,253,255,0.
271,71,232,255,0.
272,116,232,255,0.
273,145,228,255,0.
274,128,225,255,0.
275,90,214,255,0.
276,156,246,255,0.
277,166,244,255,0.
278,135,214,255,0.
279,151,223,255,0.
280,62,166,255,0.
281,3,39,210,0.
282,54,156,255,0.
283,222,255,255,0.
284,139,160,198,0.
285,0,0,0,0.
286,0,0,0,0.
287,0,0,0,0.
288,0,0,0,0.
289,0,0,0,0.
290,0,0,0,0.
291,255,255,255,0.
292,255,255,255,0.
293,255,225,249,0.
294,201,136,187,0.
295,178,78,139,0.
296,169,83,147,0.
297,98,62,96,0.
298,178,116,165,0.
299,0,0,0,0.
