0,0,0,0,0.
1,198,232,255,0.
2,190,207,255,0.
3,183,199,255,0.
4,183,205,255,0.
5,189,211,255,0.
6,160,178,255,0.
7,130,162,255,0.
8,119,151,255,0.
9,93,125,247,0.
10,0,0,0,0.
11,0,15,99,0.
12,59,93,154,0.
13,132,169,241,0.
14,96,125,169,0.
15,99,133,180,0.
16,59,105,183,0.
17,68,105,174,0.
18,0,0,93,0.
19,74,122,192,0.
20,26,75,169,0.
21,54,96,174,0.
22,45,87,192,0.
23,29,69,174,0.
24,3,29,163,0.
25,41,74,196,0.
26,12,50,175,0.
27,66,84,205,0.
28,90,114,223,0.
29,50,69,174,0.
30,26,45,150,0.
31,130,142,253,0.
32,119,133,252,0.
33,156,174,255,0.
34,162,186,255,0.
35,12,50,172,0.
36,0,0,75,0.
37,0,29,147,0.
38,202,192,255,0.
39,178,132,169,0.
40,141,151,226,0.
41,111,136,246,0.
42,0,50,177,0.
43,35,93,205,0.
44,41,80,192,0.
45,78,99,148,0.
46,29,63,96,0.
47,0,20,80,0.
48,0,29,96,0.
49,41,63,122,0.
50,226,252,255,0.
51,255,255,255,0.
52,255,255,255,0.
53,255,255,255,0.
54,255,255,255,0.
55,255,255,255,0.
56,255,255,255,0.
57,255,255,255,0.
58,255,255,255,0.
59,0,0,0,0.
60,0,0,0,0.
61,225,156,192,0.
62,195,96,151,0.
63,231,135,192,0.
64,174,111,165,0.
65,255,190,244,0.
66,220,150,189,0.
67,175,0,29,0.
68,241,0,3,0.
69,240,0,0,0.
70,225,0,15,0.
71,223,0,15,0.
72,247,0,15,0.
73,240,0,5,0.
74,202,0,9,0.
75,181,0,29,0.
76,150,0,20,0.
77,135,0,20,0.
78,190,63,114,0.
79,186,0,66,0.
80,147,66,125,0.
81,84,93,135,0.
82,0,5,96,0.
83,0,12,83,0.
84,26,74,154,0.
85,0,15,111,0.
86,47,80,172,0.
87,147,172,255,0.
88,96,111,175,0.
89,101,114,178,0.
90,93,111,169,0.
91,20,9,80,0.
92,87,0,5,0.
93,45,0,0,0.
94,90,6,50,0.
95,128,101,142,0.
96,205,171,186,0.
97,255,252,255,0.
98,255,255,255,0.
99,255,241,255,0.
100,211,165,177,0.
101,205,47,68,0.
102,196,0,15,0.
103,207,0,0,0.
104,232,0,0,0.
105,211,0,0,0.
106,211,0,0,0.
107,232,0,29,0.
108,192,9,50,0.
109,231,48,87,0.
110,235,80,130,0.
111,207,80,130,0.
112,235,101,156,0.
113,216,83,147,0.
114,216,68,126,0.
115,246,87,142,0.
116,244,74,122,0.
117,253,84,123,0.
118,249,132,156,0.
119,0,0,0,0.
120,0,0,0,0.
121,255,0,0,0.
122,255,0,0,0.
123,255,0,0,0.
124,255,0,0,0.
125,255,0,0,0.
126,255,0,0,0.
127,255,0,0,0.
128,255,0,0,0.
129,255,0,0,0.
130,255,0,0,0.
131,241,0,0,0.
132,249,0,0,0.
133,172,54,80,0.
134,154,75,114,0.
135,198,132,169,0.
136,169,93,150,0.
137,141,90,132,0.
138,180,165,207,0.
139,189,196,252,0.
140,216,247,255,0.
141,165,172,225,0.
142,141,153,195,0.
143,122,130,169,0.
144,108,125,175,0.
145,80,114,165,0.
146,17,26,93,0.
147,0,0,0,0.
148,0,0,3,0.
149,83,125,169,0.
150,220,253,255,0.
151,130,156,186,0.
152,48,114,192,0.
153,12,141,247,0.
154,0,135,244,0.
155,35,156,220,0.
156,96,108,175,0.
157,116,66,96,0.
158,153,125,160,0.
159,195,196,255,0.
160,114,141,196,0.
161,160,190,252,0.
162,125,172,223,0.
163,71,141,220,0.
164,99,90,148,0.
165,80,80,135,0.
166,108,142,183,0.
167,126,147,192,0.
168,147,142,199,0.
169,136,150,192,0.
170,156,132,177,0.
171,174,132,181,0.
172,141,123,156,0.
173,171,156,195,0.
174,169,147,180,0.
175,142,132,174,0.
176,244,192,231,0.
177,255,231,252,0.
178,252,211,255,0.
179,0,0,0,0.
180,0,0,0,0.
181,255,255,255,0.
182,255,255,255,0.
183,252,255,255,0.
184,15,163,252,0.
185,74,171,255,0.
186,105,175,252,0.
187,186,255,255,0.
188,122,192,255,0.
189,47,172,244,0.
190,0,154,255,0.
191,5,163,252,0.
192,0,148,247,0.
193,0,135,244,0.
194,0,101,192,0.
195,0,93,172,0.
196,0,125,192,0.
197,20,169,255,0.
198,0,108,207,0.
199,0,108,186,0.
200,83,111,147,0.
201,35,47,80,0.
202,0,0,50,0.
203,105,156,235,0.
204,41,147,225,0.
205,0,80,133,0.
206,6,80,136,0.
207,0,15,83,0.
208,0,41,111,0.
209,0,35,99,0.
210,63,90,186,0.
211,108,142,207,0.
212,0,15,96,0.
213,0,5,99,0.
214,0,0,48,0.
215,0,0,69,0.
216,0,0,29,0.
217,0,29,114,0.
218,29,71,130,0.
219,87,130,172,0.
220,3,48,105,0.
221,3,48,123,0.
222,45,71,147,0.
223,41,126,183,0.
224,105,175,244,0.
225,123,130,178,0.
226,77,147,231,0.
227,160,192,255,0.
228,148,178,255,0.
229,163,192,255,0.
230,151,192,255,0.
231,177,240,255,0.
232,169,240,255,0.
233,240,255,255,0.
234,255,255,255,0.
235,255,255,255,0.
236,255,255,255,0.
237,255,255,255,0.
238,255,255,255,0.
239,0,0,0,0.
240,0,0,0,0.
241,255,255,255,0.
242,255,255,255,0.
243,255,255,255,0.
244,255,255,255,0.
245,255,255,255,0.
246,255,255,255,0.
247,255,255,255,0.
248,255,255,255,0.
249,255,255,255,0.
250,220,255,255,0.
251,216,255,255,0.
252,223,255,255,0.
253,165,175,244,0.
254,54,77,148,0.
255,0,3,80,0.
256,66,96,175,0.
257,114,130,199,0.
258,9,54,132,0.
259,0,29,96,0.
260,0,0,3,0.
261,0,0,0,0.
262,0,0,0,0.
263,0,0,9,0.
264,0,17,151,0.
265,35,80,216,0.
266,59,84,225,0.
267,123,141,240,0.
268,63,80,181,0.
269,0,3,136,0.
270,9,29,141,0.
271,59,80,171,0.
272,116,135,232,0.
273,71,93,190,0.
274,75,96,205,0.
275,20,66,192,0.
276,0,5,163,0.
277,0,0,74,0.
278,0,0,93,0.
279,63,96,175,0.
280,90,125,211,0.
281,199,232,255,0.
282,147,174,255,0.
283,133,169,255,0.
284,66,99,196,0.
285,69,101,207,0.
286,111,142,231,0.
287,231,244,255,0.
288,255,255,255,0.
289,255,255,255,0.
290,255,255,255,0.
291,255,255,255,0.
292,255,255,255,0.
293,255,255,255,0.
294,255,255,255,0.
295,255,255,255,0.
296,255,255,255,0.
297,255,255,255,0.
298,255,255,255,0.
299,0,0,0,0.
