0,0,0,0,0.
1,81,175,255,0.
2,71,159,255,0.
3,57,104,255,0.
4,12,14,216,0.
5,0,0,87,0.
6,0,0,15,0.
7,6,0,213,0.
8,6,29,255,0.
9,20,57,255,0.
10,36,87,255,0.
11,62,128,255,0.
12,99,208,255,0.
13,117,211,255,0.
14,120,183,255,0.
15,159,216,255,0.
16,128,223,255,0.
17,145,226,255,0.
18,175,255,255,0.
19,208,255,255,0.
20,180,255,255,0.
21,166,255,255,0.
22,157,253,255,0.
23,133,249,255,0.
24,130,240,255,0.
25,114,228,255,0.
26,86,213,255,0.
27,81,208,255,0.
28,54,193,255,0.
29,54,130,255,0.
30,27,81,255,0.
31,29,107,255,0.
32,51,123,255,0.
33,74,171,255,0.
34,92,190,255,0.
35,111,223,255,0.
36,119,234,255,0.
37,145,252,255,0.
38,166,255,255,0.
39,202,255,255,0.
40,202,255,255,0.
41,169,240,255,0.
42,162,231,255,0.
43,181,255,255,0.
44,154,198,240,0.
45,89,101,154,0.
46,69,86,122,0.
47,44,65,101,0.
48,18,36,86,0.
49,0,20,75,0.
50,0,0,80,0.
51,0,0,62,0.
52,0,0,0,0.
53,0,0,0,0.
54,0,0,0,0.
55,0,0,0,0.
56,83,101,255,0.
57,107,216,255,0.
58,123,232,255,0.
59,0,0,0,0.
60,0,0,0,0.
61,255,255,255,0.
62,249,249,255,0.
63,128,202,255,0.
64,0,0,114,0.
65,0,0,0,0.
66,0,0,0,0.
67,0,0,0,0.
68,0,0,0,0.
69,0,0,0,0.
70,0,0,0,0.
71,0,0,0,0.
72,0,0,0,0.
73,0,0,0,0.
74,0,0,0,0.
75,29,0,44,0.
76,62,104,123,0.
77,0,47,114,0.
78,51,63,198,0.
79,44,62,119,0.
80,48,89,120,0.
81,104,119,159,0.
82,111,114,192,0.
83,62,157,252,0.
84,105,111,184,0.
85,89,81,177,0.
86,87,160,255,0.
87,33,92,255,0.
88,23,81,255,0.
89,0,166,255,0.
90,39,153,255,0.
91,33,96,255,0.
92,80,157,255,0.
93,150,122,196,0.
94,3,23,44,0.
95,3,0,0,0.
96,0,0,0,0.
97,0,0,0,0.
98,0,0,0,0.
99,0,0,0,0.
100,0,0,0,0.
101,65,38,150,0.
102,0,0,18,0.
103,0,0,0,0.
104,0,0,0,0.
105,0,0,0,0.
106,0,0,0,0.
107,0,0,0,0.
108,0,0,20,0.
109,0,0,47,0.
110,0,0,20,0.
111,0,0,0,0.
112,0,0,0,0.
113,0,0,0,0.
114,0,0,51,0.
115,122,92,255,0.
116,231,252,255,0.
117,255,255,255,0.
118,255,255,255,0.
119,0,0,0,0.
120,0,0,0,0.
121,255,255,255,0.
122,255,255,255,0.
123,255,255,255,0.
124,181,237,255,0.
125,101,117,252,0.
126,0,0,56,0.
127,0,0,47,0.
128,0,0,180,0.
129,27,89,237,0.
130,44,111,252,0.
131,24,65,235,0.
132,0,0,130,0.
133,0,0,0,0.
134,3,0,6,0.
135,12,0,15,0.
136,12,20,157,0.
137,0,0,150,0.
138,30,56,183,0.
139,0,6,69,0.
140,23,27,53,0.
141,36,47,81,0.
142,63,57,87,0.
143,86,154,208,0.
144,99,172,229,0.
145,116,216,252,0.
146,157,237,255,0.
147,111,219,255,0.
148,92,198,255,0.
149,69,196,255,0.
150,96,222,255,0.
151,174,255,255,0.
152,213,255,255,0.
153,228,255,255,0.
154,222,255,255,0.
155,216,255,255,0.
156,223,255,255,0.
157,219,255,255,0.
158,190,255,255,0.
159,172,255,255,0.
160,169,255,255,0.
161,177,255,255,0.
162,190,255,255,0.
163,208,255,255,0.
164,202,255,255,0.
165,196,255,255,0.
166,160,225,255,0.
167,150,198,238,0.
168,96,159,231,0.
169,47,128,229,0.
170,8,74,216,0.
171,0,6,151,0.
172,0,14,81,0.
173,80,130,255,0.
174,229,255,255,0.
175,255,255,255,0.
176,255,255,255,0.
177,255,255,255,0.
178,255,255,255,0.
179,0,0,0,0.
180,0,0,0,0.
181,255,255,255,0.
182,255,255,255,0.
183,255,255,255,0.
184,255,255,255,0.
185,255,255,255,0.
186,238,255,255,0.
187,222,240,255,0.
188,184,213,238,0.
189,130,190,223,0.
190,145,214,225,0.
191,166,216,241,0.
192,198,223,226,0.
193,17,101,177,0.
194,171,211,223,0.
195,163,255,255,0.
196,196,255,255,0.
197,151,250,255,0.
198,138,243,255,0.
199,174,253,255,0.
200,180,255,255,0.
201,214,255,255,0.
202,232,255,255,0.
203,240,255,255,0.
204,255,255,255,0.
205,255,255,255,0.
206,249,255,255,0.
207,235,255,255,0.
208,226,255,255,0.
209,128,241,255,0.
210,45,255,255,0.
211,192,255,255,0.
212,250,255,255,0.
213,255,255,255,0.
214,255,255,255,0.
215,255,255,255,0.
216,255,255,255,0.
217,255,255,255,0.
218,243,255,255,0.
219,211,255,255,0.
220,208,255,255,0.
221,138,250,255,0.
222,114,231,255,0.
223,133,249,255,0.
224,138,250,255,0.
225,74,145,223,0.
226,15,104,208,0.
227,189,190,189,0.
228,234,253,255,0.
229,183,184,187,0.
230,153,159,159,0.
231,237,255,255,0.
232,255,255,255,0.
233,255,255,255,0.
234,255,255,255,0.
235,255,255,255,0.
236,255,255,255,0.
237,255,255,255,0.
238,255,255,255,0.
239,0,0,0,0.
240,0,0,0,0.
241,255,255,255,0.
242,255,255,255,0.
243,255,255,255,0.
244,255,255,255,0.
245,255,255,255,0.
246,255,255,255,0.
247,255,255,255,0.
248,250,255,255,0.
249,225,232,232,0.
250,216,223,226,0.
251,246,255,255,0.
252,193,211,211,0.
253,0,96,216,0.
254,63,145,223,0.
255,122,237,255,0.
256,104,223,255,0.
257,139,250,255,0.
258,157,253,255,0.
259,208,255,255,0.
260,232,255,255,0.
261,246,255,255,0.
262,255,255,255,0.
263,255,255,255,0.
264,255,255,255,0.
265,253,255,255,0.
266,241,255,255,0.
267,219,255,255,0.
268,208,255,255,0.
269,145,249,255,0.
270,187,255,255,0.
271,211,255,255,0.
272,243,255,255,0.
273,255,255,255,0.
274,255,255,255,0.
275,255,255,255,0.
276,255,255,255,0.
277,255,255,255,0.
278,255,255,255,0.
279,255,255,255,0.
280,225,255,255,0.
281,198,255,255,0.
282,187,255,255,0.
283,150,246,255,0.
284,145,252,255,0.
285,77,172,243,0.
286,20,114,222,0.
287,75,181,255,0.
288,107,226,255,0.
289,71,222,255,0.
290,69,211,255,0.
291,93,154,255,0.
292,114,120,192,0.
293,150,184,255,0.
294,252,255,255,0.
295,255,255,255,0.
296,255,255,255,0.
297,255,255,255,0.
298,255,255,255,0.
299,0,0,0,0.
