0,0,0,0,0.
1,0,0,0,0.
2,0,0,0,0.
3,0,0,0,0.
4,0,0,0,0.
5,0,0,0,0.
6,0,0,0,0.
7,0,0,0,0.
8,0,0,0,0.
9,0,0,0,0.
10,24,0,20,0.
11,41,0,53,0.
12,48,3,74,0.
13,63,12,102,0.
14,71,24,174,0.
15,9,0,87,0.
16,3,0,107,0.
17,3,0,129,0.
18,0,0,80,0.
19,0,0,65,0.
20,0,0,54,0.
21,0,0,41,0.
22,0,0,53,0.
23,26,0,62,0.
24,190,0,53,0.
25,180,0,26,0.
26,204,0,26,0.
27,192,0,36,0.
28,180,0,62,0.
29,174,0,53,0.
30,183,0,17,0.
31,180,0,0,0.
32,204,0,15,0.
33,210,0,29,0.
34,231,0,62,0.
35,216,0,60,0.
36,174,0,65,0.
37,69,0,63,0.
38,150,26,166,0.
39,171,41,210,0.
40,150,38,190,0.
41,117,24,147,0.
42,53,3,63,0.
43,57,14,78,0.
44,48,12,83,0.
45,29,3,60,0.
46,66,18,81,0.
47,129,39,151,0.
48,169,80,183,0.
49,139,80,150,0.
50,165,107,166,0.
51,174,126,210,0.
52,84,48,180,0.
53,39,14,166,0.
54,38,18,111,0.
55,36,17,92,0.
56,12,0,27,0.
57,12,0,24,0.
58,20,0,24,0.
59,0,0,0,0.
60,157,130,192,0.
61,144,87,186,0.
62,147,123,159,0.
63,186,168,192,0.
64,237,213,234,0.
65,255,244,237,0.
66,240,210,228,0.
67,255,250,243,0.
68,255,247,237,0.
69,226,150,169,0.
70,183,84,174,0.
71,208,62,211,0.
72,250,71,255,0.
73,196,45,231,0.
74,117,26,174,0.
75,114,26,228,0.
76,95,26,247,0.
77,199,60,255,0.
78,241,74,255,0.
79,208,62,255,0.
80,232,65,255,0.
81,223,42,255,0.
82,132,24,159,0.
83,244,24,147,0.
84,255,20,86,0.
85,123,0,119,0.
86,87,0,78,0.
87,157,0,36,0.
88,255,0,38,0.
89,247,0,27,0.
90,249,0,36,0.
91,217,0,74,0.
92,231,0,62,0.
93,195,0,24,0.
94,241,0,26,0.
95,255,0,42,0.
96,157,9,165,0.
97,0,0,74,0.
98,0,0,95,0.
99,0,0,81,0.
100,0,0,110,0.
101,24,0,171,0.
102,9,0,139,0.
103,30,12,180,0.
104,48,24,223,0.
105,65,26,211,0.
106,111,26,180,0.
107,96,24,166,0.
108,75,27,196,0.
109,160,39,192,0.
110,151,42,195,0.
111,147,39,192,0.
112,102,20,107,0.
113,92,0,39,0.
114,71,0,0,0.
115,0,0,0,0.
116,0,0,0,0.
117,0,0,0,0.
118,0,0,0,0.
119,0,0,0,0.
120,0,0,0,0.
121,0,0,0,0.
122,92,0,3,0.
123,199,0,24,0.
124,240,0,30,0.
125,243,0,41,0.
126,139,0,60,0.
127,163,18,92,0.
128,110,38,107,0.
129,102,39,231,0.
130,65,24,190,0.
131,80,41,74,0.
132,95,57,255,0.
133,60,27,250,0.
134,62,29,198,0.
135,0,0,132,0.
136,24,0,252,0.
137,9,0,87,0.
138,18,0,166,0.
139,3,0,150,0.
140,0,0,160,0.
141,0,0,166,0.
142,0,0,87,0.
143,255,26,255,0.
144,216,0,38,0.
145,255,0,45,0.
146,57,0,60,0.
147,255,12,136,0.
148,223,0,62,0.
149,213,18,157,0.
150,255,18,123,0.
151,255,12,92,0.
152,255,14,96,0.
153,255,0,62,0.
154,190,0,57,0.
155,255,57,255,0.
156,165,24,166,0.
157,190,24,183,0.
158,255,54,255,0.
159,223,45,255,0.
160,201,60,255,0.
161,168,62,255,0.
162,216,69,255,0.
163,250,78,255,0.
164,247,66,255,0.
165,255,78,255,0.
166,255,87,255,0.
167,255,157,255,0.
168,228,87,255,0.
169,255,211,255,0.
170,255,255,255,0.
171,255,255,255,0.
172,255,255,255,0.
173,255,255,255,0.
174,255,255,255,0.
175,255,255,255,0.
176,255,255,255,0.
177,141,81,255,0.
178,159,74,255,0.
179,220,102,255,0.
180,255,220,255,0.
181,255,234,255,0.
182,255,255,255,0.
183,255,255,255,0.
184,255,255,255,0.
185,255,255,255,0.
186,255,255,255,0.
187,255,255,255,0.
188,163,129,216,0.
189,123,69,183,0.
190,107,60,183,0.
191,54,26,80,0.
192,0,0,12,0.
193,0,0,12,0.
194,0,0,12,0.
195,0,0,0,0.
196,36,0,65,0.
197,0,0,3,0.
198,0,0,0,0.
199,0,0,0,0.
200,15,0,26,0.
201,60,9,80,0.
202,92,0,62,0.
203,0,0,0,0.
204,0,0,0,0.
205,38,0,0,0.
206,42,0,0,0.
207,45,0,0,0.
208,184,0,38,0.
209,126,0,41,0.
210,92,0,29,0.
211,211,0,29,0.
212,234,0,27,0.
213,198,0,24,0.
214,154,0,20,0.
215,29,0,0,0.
216,0,0,0,0.
217,0,0,0,0.
218,0,0,39,0.
219,0,0,41,0.
220,12,0,180,0.
221,9,0,157,0.
222,17,0,157,0.
223,14,0,147,0.
224,20,0,163,0.
225,57,24,255,0.
226,78,29,244,0.
227,107,39,234,0.
228,136,38,195,0.
229,102,24,150,0.
230,147,53,247,0.
231,107,24,165,0.
232,129,12,84,0.
233,117,0,53,0.
234,80,0,3,0.
235,166,0,20,0.
236,154,0,14,0.
237,208,0,24,0.
238,180,0,24,0.
239,0,0,0,0.
240,0,0,0,0.
241,122,0,20,0.
242,130,0,24,0.
243,126,0,24,0.
244,136,0,24,0.
245,36,0,0,0.
246,98,0,44,0.
247,139,0,71,0.
248,133,20,95,0.
249,232,66,247,0.
250,130,29,160,0.
251,83,18,98,0.
252,86,24,166,0.
253,74,27,208,0.
254,44,24,186,0.
255,27,9,157,0.
256,0,0,74,0.
257,0,0,18,0.
258,0,0,0,0.
259,0,0,0,0.
260,0,0,0,0.
261,0,0,0,0.
262,0,0,0,0.
263,0,0,0,0.
264,0,0,0,0.
265,36,0,0,0.
266,69,0,0,0.
267,181,0,24,0.
268,237,0,42,0.
269,104,0,39,0.
270,255,12,110,0.
271,255,0,26,0.
272,252,0,20,0.
273,190,0,12,0.
274,195,0,41,0.
275,53,0,87,0.
276,53,0,130,0.
277,114,36,208,0.
278,144,42,255,0.
279,119,30,255,0.
280,81,24,243,0.
281,78,24,244,0.
282,74,24,163,0.
283,122,29,181,0.
284,96,24,171,0.
285,108,26,166,0.
286,208,87,231,0.
287,255,210,255,0.
288,255,255,255,0.
289,255,255,255,0.
290,255,255,255,0.
291,255,255,255,0.
292,255,255,255,0.
293,255,255,255,0.
294,255,255,255,0.
295,255,255,255,0.
296,255,255,255,0.
297,255,255,255,0.
298,255,255,255,0.
299,255,255,255,0.
